0.000005
0.000013
0.000039
0.000046
0.000132
0.000029
0.000075
0.000089
0.000113
0.000108
0.000176
0.000202
0.000081
0.000221
0.000114
0.000027
0.000085
0.000137
0.000221
0.000090
0.000078
0.000140
0.000181
0.000142
0.000437
0.000209
0.000150
0.000229
0.000161
0.000112
0.000125
0.000275
0.000297
0.000198
0.000128
0.000525
0.000350
0.000442
0.000389
0.000186
0.000034
0.000248
0.000172
0.000284
0.000162
0.000061
0.000113
0.000154
0.000070
0.000231
0.000213
0.000173
0.000040
0.000064
0.000080
0.000039
0.000060
0.000180
0.000132
0.000031
0.000131
0.000108
0.000103
0.000074
0.000152
0.000191
0.000171
0.000256
0.000268
0.000272
0.000079
0.000524
0.000289
0.000325
0.000538
0.000228
0.000406
0.000318
0.000327
0.000580
0.000530
0.000439
0.000281
0.000302
0.000309
0.000675
0.000447
0.000422
0.000714
0.000517
0.000256
0.000222
0.000464
0.000099
0.000422
0.000345
0.000245
0.000315
0.000150
0.000205
0.000287
0.000328
0.000139
0.000293
0.000706
0.000173
0.000092
0.000244
0.000290
0.000550
0.000492
0.000371
0.000223
0.000308
0.000250
0.000203
0.000112
0.000138
0.000297
0.000064
0.000102
0.000096
0.000119
0.000272
0.000256
0.000325
0.000318
0.000256
0.000031
0.000089
0.000206
0.000080
0.000322
0.000221
0.000194
0.000117
0.000132
0.000263
0.000211
0.000172
0.000173
0.000278
0.000382
0.000166
0.000148
0.000266
0.000386
0.000255
0.000240
0.000289
0.000437
0.000076
0.000634
0.000344
0.000561
0.000429
0.000127
0.000339
0.000391
0.000718
0.000479
0.000091
0.000274
0.000412
0.000490
0.000609
0.000155
0.001351
0.000779
0.000722
0.001289
0.001248
0.001402
0.001051
0.001415
0.001392
0.001043
0.001244
0.001337
0.000828
0.000375
0.000986
0.000755
0.000611
0.000618
0.000489
0.000669
0.000555
0.000651
0.000606
0.000352
0.000412
0.000293
0.000097
0.000390
0.000407
0.000552
0.000371
0.000367
0.000767
0.000586
0.000505
0.000154
0.000134
0.000440
0.000331
0.000361
0.000441
0.000456
0.000370
0.000474
0.000158
0.000321
0.000172
0.000189
0.000446
0.000524
0.001038
0.000634
0.000795
0.000923
0.000984
0.000853
0.000993
0.001308
0.000809
0.001490
0.001187
0.000716
0.000348
0.000207
0.001212
0.001345
0.000329
0.000393
0.000269
0.001008
0.001395
0.001381
0.002095
0.001972
0.001864
0.001281
0.001612
0.001692
0.001563
0.000206
0.000388
0.001529
0.001544
0.000706
0.001305
0.001532
0.001998
0.000223
0.001320
0.000410
0.000740
0.000539
0.001473
0.002309
0.000736
0.001107
0.001414
0.001304
0.000840
0.000633
0.000572
0.000836
0.000647
0.000203
0.000122
0.000758
0.000632
0.000577
0.000455
0.000788
0.000592
0.000559
0.000533
0.000117
0.000508
0.000613
0.000742
0.000595
0.000743
0.001103
0.001412
0.001320
0.001397
0.001425
0.001494
0.001175
0.001595
0.001031
0.001127
0.001524
0.001958
0.001726
0.000757
0.000891
0.000635
0.000731
0.000765
0.000170
0.000672
0.001884
0.001411
0.001597
0.000558
0.001751
0.001913
0.001181
0.003604
0.001137
0.001969
0.001976
0.002691
0.002488
0.001810
0.002569
0.000861
0.001810
0.001710
0.001826
0.001803
0.001812
0.001952
0.001185
0.002239
0.001421
0.001675
0.001133
0.000828
0.002987
0.001378
0.001792
0.000829
0.001993
0.001845
0.001923
0.000889
0.001484
0.001067
0.001077
0.000308
0.000919
0.000312
0.001298
0.001146
0.001028
0.001435
0.000603
0.000474
0.000811
0.000693
0.000602
0.001170
0.001486
0.000920
0.000674
0.001276
0.001067
0.001911
0.000815
0.000447
0.001196
0.001509
0.001316
0.002245
0.002600
0.002218
0.002219
0.001895
0.002322
0.002719
0.002917
0.001086
0.002082
0.000439
0.002311
0.003445
0.002580
0.003663
0.004050
0.003061
0.006273
0.002870
0.005132
0.003896
0.004613
0.001272
0.002720
0.001246
0.004162
0.001158
0.003357
0.003623
0.005055
0.003901
0.003734
0.001812
0.000779
0.003700
0.001290
0.002603
0.002594
0.002918
0.004716
0.001361
0.001914
0.002383
0.003530
0.003970
0.003109
0.002297
0.001878
0.003132
0.001578
0.004210
0.002191
0.001706
0.001026
0.000790
0.002427
0.001213
0.001967
0.001859
0.002394
0.002205
0.002328
0.002596
0.001860
0.003299
0.002424
0.002397
0.003361
0.004730
0.002406
0.003165
0.002497
0.003535
0.005696
0.004329
0.004039
0.006274
0.005684
0.006014
0.009162
0.007047
0.007353
0.008187
0.007003
0.012427
0.011885
0.018290
0.011046
0.010221
0.012294
0.015608
0.010110
0.018379
0.013425
0.011304
0.015118
0.015948
0.018882
0.010828
0.017236
0.014964
0.015960
0.028845
0.016224
0.016607
0.016667
0.018977
0.021487
0.023974
0.020693
0.010801
0.010984
0.014978
0.016271
0.010013
0.012648
0.016747
0.009627
0.018333
0.013746
0.018578
0.011600
0.014595
0.018689
0.023822
0.009199
0.016008
0.015756
0.007470
0.010733
0.018323
0.017844
0.003894
0.020554
0.018149
0.033779
0.023293
0.027361
0.022728
0.010788
0.012260
0.020282
0.014337
0.012194
0.018843
0.011406
0.012970
0.012218
0.007829
0.008165
0.017367
0.005381
0.014422
0.017951
0.020079
0.011263
0.021140
0.017632
0.009591
0.011330
0.013426
0.015395
0.012786
0.007304
0.019657
0.018211
0.008416
0.005071
0.012233
0.015420
0.008756
0.007856
0.007410
0.011651
0.006900
0.010969
0.013322
0.009441
0.013069
0.008810
0.009592
0.012096
0.007356
0.005473
0.007710
0.009757
0.007474
0.011814
0.008700
0.007096
0.010198
0.000818
0.000316
0.001263
0.002595
0.002320
0.003114
0.003131
0.005726
0.006306
0.001227
0.001273
0.003050
0.000568
0.000914
0.001835
0.001454
0.001522
0.003744
0.001956
0.001632
0.002570
0.003166
0.002453
0.004134
0.004441
0.003925
0.004182
0.003630
0.003813
0.004252
0.004949
0.003752
0.003829
0.001716
0.003865
0.001805
0.003826
0.003874
0.004516
0.004725
0.003506
0.005821
0.007039
0.006211
0.004388
0.005906
0.003970
0.007154
0.006784
0.008463
0.008153
0.006810
0.004549
0.006377
0.004443
0.005874
0.001792
0.002433
0.000405
0.003552
0.004287
0.001373
0.004999
0.002191
0.002227
0.003040
0.001928
0.002870
0.002773
0.003169
0.004620
0.002015
0.003693
0.004729
0.002495
0.001829
0.002609
0.000436
0.001432
0.002410
0.003308
0.004332
0.003417
0.002710
0.003079
0.002407
0.001955
0.001397
0.001408
0.000795
0.000980
0.000215
0.000235
0.000942
0.000511
0.001644
0.001183
0.001387
0.001190
0.001582
0.001988
0.001744
0.002038
0.002016
0.002373
0.002569
0.002848
0.002460
0.002444
0.003017
0.003644
0.003324
0.004411
0.003035
0.004965
0.003198
0.003287
0.003823
0.004691
0.002986
0.003256
0.003473
0.002746
0.001544
0.004248
0.001964
0.002686
0.003833
0.003696
0.005631
0.003570
0.003345
0.004134
0.003850
0.002406
0.003045
0.001876
0.002041
0.001194
0.002878
0.001248
0.003221
0.002992
0.003885
0.003015
0.001945
0.002234
0.001908
0.003503
0.002326
0.003049
0.002233
0.003194
0.001188
0.000538
0.001073
0.002143
0.002275
0.001427
0.000828
0.001315
0.000779
0.001031
0.000201
0.000632
0.000321
0.000051
0.000809
0.000601
0.000341
0.000360
0.000532
0.000890
0.000948
0.001649
0.001573
0.001890
0.001942
0.002126
0.001811
0.001455
0.001615
0.002582
0.002094
0.002314
0.002401
0.002080
0.003031
0.002234
0.002694
0.002218
0.002753
0.003477
0.003106
0.003062
0.003972
0.002617
0.003219
0.002170
0.002954
0.003199
0.002791
0.003195
0.003429
0.003882
0.002942
0.003839
0.004011
0.004422
0.004067
0.003243
0.003275
0.002381
0.002660
0.002250
0.002433
0.002418
0.001991
0.001509
0.002307
0.002170
0.001146
0.002339
0.001888
0.001688
0.001935
0.002115
0.002050
0.002333
0.002556
0.001842
0.002148
0.001546
0.001282
0.001344
0.001166
0.000521
0.000754
0.000577
0.000248
0.000439
0.000413
0.000334
0.000445
0.000428
0.000596
0.000540
0.000803
0.000887
0.001167
0.000839
0.001163
0.001358
0.001826
0.002288
0.001958
0.002317
0.002374
0.002527
0.002742
0.002467
0.002728
0.001964
0.002534
0.003329
0.002774
0.003231
0.003002
0.003432
0.003113
0.003751
0.003377
0.003039
0.003217
0.002966
0.003179
0.004141
0.003937
0.002865
0.002836
0.004544
0.003683
0.003616
0.003994
0.002950
0.003587
0.003235
0.001576
0.002188
0.003389
0.002911
0.002445
0.004397
0.004043
0.003486
0.003436
0.003238
0.001912
0.001768
0.002820
0.002183
0.002060
0.001795
0.001671
0.000883
0.001584
0.001043
0.000977
0.001339
0.000476
0.001054
0.000684
0.000843
0.000352
0.000492
0.000577
0.000425
0.000737
0.000586
0.000768
0.001104
0.000818
0.001189
0.001268
0.001027
0.001157
0.001172
0.001465
0.001610
0.001646
0.002027
0.001631
0.001586
0.001847
0.001915
0.002121
0.002553
0.002588
0.002652
0.003136
0.002947
0.003029
0.003005
0.003069
0.003948
0.003061
0.003458
0.003014
0.003600
0.003848
0.003756
0.003160
0.004577
0.004290
0.003150
0.004028
0.003335
0.004048
0.003947
0.004346
0.004184
0.003741
0.003899
0.003638
0.004193
0.002116
0.002545
0.003491
0.002309
0.002699
0.002718
0.001442
0.001713
0.002304
0.002326
0.002249
0.002433
0.001939
0.002212
0.001453
0.001248
0.000790
0.001061
0.001144
0.001001
0.000890
0.000822
0.000313
0.000305
0.000304
0.000357
0.000909
0.000640
0.000800
0.001089
0.001286
0.001001
0.001072
0.001360
0.001562
0.001598
0.001528
0.001378
0.001904
0.001996
0.001991
0.002359
0.002360
0.002140
0.002339
0.001887
0.002335
0.002281
0.001957
0.002107
0.002458
0.002638
0.002605
0.002566
0.001932
0.003054
0.002721
0.002705
0.002191
0.002488
0.002442
0.002396
0.002332
0.002431
0.003251
0.002536
0.003374
0.003214
0.002524
0.003191
0.002720
0.002312
0.002308
0.002040
0.001729
